24.856449265609735,67.04308920288086,1.64
24.856749265609735,67.04408920288086,7.64
24.856949265609735,67.04508920288086,11.64
24.857649265609735,67.04716920288086,13.64
24.857949265609735,67.04736920288086,12.64
24.857949265609735,67.04742520288086,8.64
24.857949265609735,67.04747020288086,4.64
24.856749265609735,67.04408920288086,6.11
24.856949265609735,67.04508920288086,2.12
24.857249265609735,67.04608920288086,1.1
24.856949265609735,67.04508920288086,2.13
24.857249265609735,67.04608920288086,0.6
24.856949265609735,67.04508920288086,1.19
24.857249265609735,67.04608920288086,1.6
24.856949265609735,67.04508920288086,2.12
24.857249265609735,67.04608920288086,1.15
24.857849265609735,67.04729920288086,17.64
24.857949265609735,67.04736920288086,12.64
24.857949265609735,67.04739920288086,16.64
24.857949265609735,67.04742520288086,8.64
24.857949265609735,67.04747020288086,4.64
24.856749265609735,67.04408920288086,6.11
24.856949265609735,67.04508920288086,2.12
24.857249265609735,67.04608920288086,1.1
24.856949265609735,67.04508920288086,2.13
24.857249265609735,67.04608920288086,0.6
24.856949265609735,67.04508920288086,1.19
24.857249265609735,67.04608920288086,1.6
24.856949265609735,67.04508920288086,2.12
24.857249265609735,67.04608920288086,1.15
24.857849265609735,67.04729920288086,17.64
24.857949265609735,67.04736920288086,12.64
24.857949265609735,67.04739920288086,16.64
24.857949265609735,67.04742520288086,8.64
24.857949265609735,67.04747020288086,4.64
24.856749265609735,67.04408920288086,6.11
24.856949265609735,67.04508920288086,2.12
24.857249265609735,67.04608920288086,1.1
24.857849265609735,67.04729920288086,17.64
24.857949265609735,67.04736920288086,12.64
24.857949265609735,67.04739920288086,16.64
24.857949265609735,67.04742520288086,8.64
24.857949265609735,67.04747020288086,4.64
24.856749265609735,67.04408920288086,6.11
24.856949265609735,67.04508920288086,2.12
24.857249265609735,67.04608920288086,1.15
24.856949265609735,67.04508920288086,2.13
24.857249265609735,67.04608920288086,0.6
24.856949265609735,67.04508920288086,1.19
24.857249265609735,67.04608920288086,1.6
24.856949265609735,67.04508920288086,2.12
24.857249265609735,67.04608920288086,1.15
24.856949265609735,67.04508920288086,2.13
24.857249265609735,67.04608920288086,0.6
24.856949265609735,67.04508920288086,1.19
24.857249265609735,67.04608920288086,1.6
24.856949265609735,67.04508920288086,2.12
24.857249265609735,67.04608920288086,1.15